[grid]
output_filename = sd
refinement_levels = 6
kg = 1
ko = 10

[grid.initial]
radius = 0.8
#radius = 1
strength = 0.1
#strength = 0
period = 7
a = 2
b = 1
c = 1
R = 2
r = 1

[dimension]
dim = 1

[solution]
quad_order = 10

[solver]
verbose = 0

[adapt]
start_time = 0
end_time = 0.05
timestep =  0.0125# for evolution test
tau_ini = 0.05 # for eoc test, 0.05, 0.0125, 0.003125, 0.00078125 
# 0.05, 0.0125, 0.003125, 0.00078125, 0.0001953125
# 0.05, 0.00625, 0.00078125, 0.00009765625, 0.00001220703125
# 0.05, 0.003125, 0.0001953125 , 0.00001220703125 , 0.000000762939453125
theta = 1
